0.000 0.985 0.977 1.000 0.951 0.966 1.000 1.000 0.981 0.982 1.000 1.000 1.000 0.982 1.000 1.000 1.000 1.000 1.000 1.000 1.000 1.000
0.985 0.000 0.982 1.000 0.977 0.982 0.983 1.000 0.970 0.981 0.989 1.000 0.974 0.981 1.000 1.000 1.000 1.000 1.000 1.000 1.000 1.000
0.977 0.982 0.000 0.989 0.982 1.000 0.994 0.994 0.993 0.965 1.000 0.993 1.000 1.000 0.993 1.000 1.000 1.000 1.000 1.000 1.000 1.000
1.000 1.000 0.989 0.000 0.993 1.000 0.976 1.000 1.000 1.000 1.000 1.000 1.000 1.000 1.000 1.000 1.000 1.000 1.000 1.000 1.000 1.000
0.951 0.977 0.982 0.993 0.000 1.000 1.000 1.000 0.969 0.970 0.989 0.990 1.000 0.990 0.989 1.000 0.989 1.000 1.000 1.000 1.000 1.000
0.966 0.982 1.000 1.000 1.000 0.000 0.979 1.000 0.931 1.000 1.000 1.000 0.978 0.970 1.000 1.000 1.000 1.000 1.000 1.000 1.000 1.000
1.000 0.983 0.994 0.976 1.000 0.979 0.000 0.986 0.949 1.000 1.000 0.978 0.964 0.977 1.000 1.000 1.000 1.000 1.000 1.000 1.000 1.000
1.000 1.000 0.994 1.000 1.000 1.000 0.986 0.000 1.000 1.000 1.000 1.000 1.000 0.983 1.000 1.000 1.000 1.000 1.000 1.000 1.000 1.000
0.981 0.970 0.993 1.000 0.969 0.931 0.949 1.000 0.000 0.962 1.000 1.000 0.974 0.962 1.000 1.000 0.929 1.000 1.000 1.000 0.917 1.000
0.982 0.981 0.965 1.000 0.970 1.000 1.000 1.000 0.962 0.000 1.000 1.000 1.000 1.000 1.000 1.000 1.000 1.000 1.000 1.000 1.000 1.000
1.000 0.989 1.000 1.000 0.989 1.000 1.000 1.000 1.000 1.000 0.000 1.000 1.000 1.000 1.000 1.000 1.000 1.000 1.000 1.000 1.000 1.000
1.000 1.000 0.993 1.000 0.990 1.000 0.978 1.000 1.000 1.000 1.000 0.000 0.978 1.000 1.000 1.000 0.950 1.000 1.000 1.000 1.000 1.000
1.000 0.974 1.000 1.000 1.000 0.978 0.964 1.000 0.974 1.000 1.000 0.978 0.000 0.838 1.000 1.000 1.000 0.968 1.000 0.964 1.000 1.000
0.982 0.981 1.000 1.000 0.990 0.970 0.977 0.983 0.962 1.000 1.000 1.000 0.838 0.000 1.000 1.000 1.000 0.944 1.000 1.000 1.000 1.000
1.000 1.000 0.993 1.000 0.989 1.000 1.000 1.000 1.000 1.000 1.000 1.000 1.000 1.000 0.000 1.000 1.000 1.000 1.000 1.000 1.000 1.000
1.000 1.000 1.000 1.000 1.000 1.000 1.000 1.000 1.000 1.000 1.000 1.000 1.000 1.000 1.000 0.000 1.000 1.000 1.000 1.000 1.000 1.000
1.000 1.000 1.000 1.000 0.989 1.000 1.000 1.000 0.929 1.000 1.000 0.950 1.000 1.000 1.000 1.000 0.000 1.000 1.000 1.000 1.000 1.000
1.000 1.000 1.000 1.000 1.000 1.000 1.000 1.000 1.000 1.000 1.000 1.000 0.968 0.944 1.000 1.000 1.000 0.000 1.000 1.000 1.000 1.000
1.000 1.000 1.000 1.000 1.000 1.000 1.000 1.000 1.000 1.000 1.000 1.000 1.000 1.000 1.000 1.000 1.000 1.000 0.000 1.000 1.000 1.000
1.000 1.000 1.000 1.000 1.000 1.000 1.000 1.000 1.000 1.000 1.000 1.000 0.964 1.000 1.000 1.000 1.000 1.000 1.000 0.000 1.000 1.000
1.000 1.000 1.000 1.000 1.000 1.000 1.000 1.000 0.917 1.000 1.000 1.000 1.000 1.000 1.000 1.000 1.000 1.000 1.000 1.000 0.000 1.000
1.000 1.000 1.000 1.000 1.000 1.000 1.000 1.000 1.000 1.000 1.000 1.000 1.000 1.000 1.000 1.000 1.000 1.000 1.000 1.000 1.000 0.000
