0.000 1.000 1.000 1.000 0.990 1.000 0.995 1.000 1.000 1.000 1.000 1.000 1.000
1.000 0.000 0.981 1.000 0.981 0.988 0.986 0.991 1.000 1.000 1.000 1.000 1.000
1.000 0.981 0.000 1.000 1.000 0.987 0.995 1.000 1.000 1.000 1.000 1.000 1.000
1.000 1.000 1.000 0.000 1.000 1.000 0.969 1.000 1.000 1.000 1.000 1.000 1.000
0.990 0.981 1.000 1.000 0.000 1.000 0.975 0.991 1.000 1.000 1.000 1.000 0.991
1.000 0.988 0.987 1.000 1.000 0.000 0.994 0.995 1.000 1.000 0.984 1.000 1.000
0.995 0.986 0.995 0.969 0.975 0.994 0.000 0.991 1.000 1.000 1.000 1.000 1.000
1.000 0.991 1.000 1.000 0.991 0.995 0.991 0.000 0.995 1.000 1.000 1.000 1.000
1.000 1.000 1.000 1.000 1.000 1.000 1.000 0.995 0.000 1.000 1.000 1.000 1.000
1.000 1.000 1.000 1.000 1.000 1.000 1.000 1.000 1.000 0.000 1.000 1.000 1.000
1.000 1.000 1.000 1.000 1.000 0.984 1.000 1.000 1.000 1.000 0.000 1.000 1.000
1.000 1.000 1.000 1.000 1.000 1.000 1.000 1.000 1.000 1.000 1.000 0.000 1.000
1.000 1.000 1.000 1.000 0.991 1.000 1.000 1.000 1.000 1.000 1.000 1.000 0.000
